R-type:

|        funct         |       rs2      |       rs1      |  funct   |      rd     |    opcode     |
|----------------------|----------------|----------------|----------|-------------|---------------|
| 31 30 29 28 27 26 25 | 24 23 22 21 20 | 19 18 17 16 15 | 14 13 12 | 11 10 9 8 7 | 6 5 4 3 2 1 0 |



I-type:

|          immediate[11:0]            |       rs1      |  funct   |      rd     |    opcode     |
|-------------------------------------|----------------|----------|-------------|---------------|
| 31 30 29 28 27 26 25 24 23 22 21 20 | 19 18 17 16 15 | 14 13 12 | 11 10 9 8 7 | 6 5 4 3 2 1 0 |



S-type:

|      imm[11:5]       |       rs2      |       rs1      |  funct   |  imm[4:0]   |    opcode     |
|----------------------|----------------|----------------|----------|-------------|---------------|
| 31 30 29 28 27 26 25 | 24 23 22 21 20 | 19 18 17 16 15 | 14 13 12 | 11 10 9 8 7 | 6 5 4 3 2 1 0 |



B-type:

| imm[12] |    imm[10:5]      |       rs2      |       rs1      |  funct   |  imm[4:1] | imm[11] |    opcode     |
|---------|-------------------|----------------|----------------|----------|-----------|---------|---------------|
|   31    | 30 29 28 27 26 25 | 24 23 22 21 20 | 19 18 17 16 15 | 14 13 12 | 11 10 9 8 |    7    | 6 5 4 3 2 1 0 |



U-type:

|                     immediate[31:12]                        |      rd     |    opcode     |
|-------------------------------------------------------------|-------------|---------------|
| 31 30 29 28 27 26 25 24 23 22 21 20 19 18 17 16 15 14 13 12 | 11 10 9 8 7 | 6 5 4 3 2 1 0 |



J-type:

| imm[20] |           imm[10:1]           | imm[11] |       imm[19:12]        |      rd     |    opcode     |
|-----------------------------------------|---------|-------------------------|-------------|---------------|
|   31    | 30 29 28 27 26 25 24 23 22 21 |   20    | 19 18 17 16 15 14 13 12 | 11 10 9 8 7 | 6 5 4 3 2 1 0 |

